0.000000000000000000e+00 9.999991299999999583e-01
1.000000000000000021e-02 9.991808100000000303e-01
2.000000000000000042e-02 9.969188199999999833e-01
2.999999999999999889e-02 9.932721799999999490e-01
4.000000000000000083e-02 9.885138999999999454e-01
5.000000000000000278e-02 9.828477599999999592e-01
5.999999999999999778e-02 9.766131700000000304e-01
7.000000000000000666e-02 9.702302600000000110e-01
8.000000000000000167e-02 9.641310600000000397e-01
8.999999999999999667e-02 9.585051700000000174e-01
1.000000000000000056e-01 9.537893499999999802e-01
1.100000000000000006e-01 9.499931400000000137e-01
1.199999999999999956e-01 9.478928199999999693e-01
1.300000000000000044e-01 9.469636599999999849e-01
1.400000000000000133e-01 9.474033299999999880e-01
1.499999999999999944e-01 9.489951500000000095e-01
1.600000000000000033e-01 9.516221099999999655e-01
1.700000000000000122e-01 9.552872199999999925e-01
1.799999999999999933e-01 9.593418000000000223e-01
1.900000000000000022e-01 9.638065199999999999e-01
2.000000000000000111e-01 9.680973200000000389e-01
2.099999999999999922e-01 9.722509599999999974e-01
2.200000000000000011e-01 9.758299799999999857e-01
2.300000000000000100e-01 9.789339599999999919e-01
2.399999999999999911e-01 9.810788499999999468e-01
2.500000000000000000e-01 9.826461199999999563e-01
2.600000000000000089e-01 9.831186600000000331e-01
2.700000000000000178e-01 9.830213899999999949e-01
2.800000000000000266e-01 9.822045299999999646e-01
2.899999999999999800e-01 9.810616599999999465e-01
2.999999999999999889e-01 9.794772200000000373e-01
3.099999999999999978e-01 9.777118000000000198e-01
3.200000000000000067e-01 9.760493599999999770e-01
3.300000000000000155e-01 9.746124800000000032e-01
3.400000000000000244e-01 9.731287600000000371e-01
3.499999999999999778e-01 9.720962100000000161e-01
3.599999999999999867e-01 9.713967399999999808e-01
3.699999999999999956e-01 9.708469899999999653e-01
3.800000000000000044e-01 9.706447999999999743e-01
3.900000000000000133e-01 9.706257999999999830e-01
4.000000000000000222e-01 9.705934899999999477e-01
4.099999999999999756e-01 9.706260199999999783e-01
4.199999999999999845e-01 9.704813399999999701e-01
4.299999999999999933e-01 9.703219899999999676e-01
4.400000000000000022e-01 9.699338199999999466e-01
4.500000000000000111e-01 9.694126600000000371e-01
4.600000000000000200e-01 9.686226599999999687e-01
4.699999999999999734e-01 9.677971399999999447e-01
4.799999999999999822e-01 9.669098499999999596e-01
4.899999999999999911e-01 9.660885900000000248e-01
5.000000000000000000e-01 9.655718599999999485e-01
5.100000000000000089e-01 9.647946600000000261e-01
5.200000000000000178e-01 9.646911999999999709e-01
5.300000000000000266e-01 9.648310700000000129e-01
5.400000000000000355e-01 9.651553200000000388e-01
5.500000000000000444e-01 9.656938400000000255e-01
5.600000000000000533e-01 9.667294699999999796e-01
5.699999999999999512e-01 9.680401499999999881e-01
5.799999999999999600e-01 9.695782699999999643e-01
5.899999999999999689e-01 9.711482000000000170e-01
5.999999999999999778e-01 9.725154799999999877e-01
6.099999999999999867e-01 9.740146600000000321e-01
6.199999999999999956e-01 9.751788099999999515e-01
6.300000000000000044e-01 9.762339799999999457e-01
6.400000000000000133e-01 9.767289399999999899e-01
6.500000000000000222e-01 9.768546599999999858e-01
6.600000000000000311e-01 9.767687600000000137e-01
6.700000000000000400e-01 9.763254999999999573e-01
6.800000000000000488e-01 9.755284499999999914e-01
6.899999999999999467e-01 9.744749999999999801e-01
6.999999999999999556e-01 9.734486500000000264e-01
7.099999999999999645e-01 9.722845399999999749e-01
7.199999999999999734e-01 9.712270800000000204e-01
7.299999999999999822e-01 9.703342400000000145e-01
7.399999999999999911e-01 9.697044200000000114e-01
7.500000000000000000e-01 9.692001500000000380e-01
7.600000000000000089e-01 9.688977300000000126e-01
7.700000000000000178e-01 9.686675700000000333e-01
7.800000000000000266e-01 9.690035599999999860e-01
7.900000000000000355e-01 9.692855500000000513e-01
8.000000000000000444e-01 9.696271300000000037e-01
8.100000000000000533e-01 9.701001000000000207e-01
8.199999999999999512e-01 9.706894600000000040e-01
8.299999999999999600e-01 9.710318900000000086e-01
8.399999999999999689e-01 9.712345100000000508e-01
8.499999999999999778e-01 9.713621199999999956e-01
8.599999999999999867e-01 9.712462099999999987e-01
8.699999999999999956e-01 9.710367600000000543e-01
8.800000000000000044e-01 9.706740999999999842e-01
8.900000000000000133e-01 9.701914999999999845e-01
9.000000000000000222e-01 9.696311600000000475e-01
9.100000000000000311e-01 9.690965000000000273e-01
9.200000000000000400e-01 9.687006700000000414e-01
9.300000000000000488e-01 9.682769700000000146e-01
9.399999999999999467e-01 9.680710700000000335e-01
9.499999999999999556e-01 9.680810800000000382e-01
9.599999999999999645e-01 9.682417100000000332e-01
9.699999999999999734e-01 9.687073899999999460e-01
9.799999999999999822e-01 9.692593999999999932e-01
9.899999999999999911e-01 9.698996300000000126e-01
1.000000000000000000e+00 9.706091399999999814e-01
1.010000000000000009e+00 9.714371800000000112e-01
1.020000000000000018e+00 9.722407499999999869e-01
1.030000000000000027e+00 9.727390500000000495e-01
1.040000000000000036e+00 9.733719600000000360e-01
1.050000000000000044e+00 9.736721999999999877e-01
1.060000000000000053e+00 9.737814399999999981e-01
1.070000000000000062e+00 9.738445100000000521e-01
1.080000000000000071e+00 9.736041899999999805e-01
1.090000000000000080e+00 9.734291299999999758e-01
1.100000000000000089e+00 9.729895800000000206e-01
1.110000000000000098e+00 9.725400400000000500e-01
1.120000000000000107e+00 9.720696899999999863e-01
1.129999999999999893e+00 9.714701599999999715e-01
1.139999999999999902e+00 9.710584700000000069e-01
1.149999999999999911e+00 9.706347400000000514e-01
1.159999999999999920e+00 9.703643899999999656e-01
1.169999999999999929e+00 9.703623000000000109e-01
1.179999999999999938e+00 9.702439400000000269e-01
1.189999999999999947e+00 9.702930699999999797e-01
1.199999999999999956e+00 9.701351799999999859e-01
1.209999999999999964e+00 9.702307399999999804e-01
1.219999999999999973e+00 9.703510800000000325e-01
1.229999999999999982e+00 9.704891300000000331e-01
1.239999999999999991e+00 9.703941699999999448e-01
1.250000000000000000e+00 9.703452999999999662e-01
1.260000000000000009e+00 9.702048699999999970e-01
1.270000000000000018e+00 9.699237299999999840e-01
1.280000000000000027e+00 9.697332800000000308e-01
1.290000000000000036e+00 9.694745599999999852e-01
1.300000000000000044e+00 9.692129699999999515e-01
1.310000000000000053e+00 9.688558099999999840e-01
1.320000000000000062e+00 9.687476799999999999e-01
1.330000000000000071e+00 9.686664000000000385e-01
1.340000000000000080e+00 9.686702400000000157e-01
1.350000000000000089e+00 9.688692199999999755e-01
1.360000000000000098e+00 9.692177299999999995e-01
1.370000000000000107e+00 9.696032399999999773e-01
1.379999999999999893e+00 9.701784900000000045e-01
1.389999999999999902e+00 9.706421400000000421e-01
1.399999999999999911e+00 9.712158199999999519e-01
1.409999999999999920e+00 9.719700999999999480e-01
1.419999999999999929e+00 9.725162600000000213e-01
1.429999999999999938e+00 9.731902900000000134e-01
1.439999999999999947e+00 9.734309899999999960e-01
1.449999999999999956e+00 9.737414899999999873e-01
1.459999999999999964e+00 9.740123099999999923e-01
1.469999999999999973e+00 9.739898999999999640e-01
1.479999999999999982e+00 9.738418100000000299e-01
1.489999999999999991e+00 9.736164600000000169e-01
1.500000000000000000e+00 9.732748100000000457e-01
1.510000000000000009e+00 9.728024100000000063e-01
1.520000000000000018e+00 9.722703799999999896e-01
1.530000000000000027e+00 9.717291399999999912e-01
1.540000000000000036e+00 9.711647100000000421e-01
1.550000000000000044e+00 9.707721000000000267e-01
1.560000000000000053e+00 9.703676700000000155e-01
1.570000000000000062e+00 9.699485899999999994e-01
1.580000000000000071e+00 9.695840100000000517e-01
1.590000000000000080e+00 9.693232600000000199e-01
1.600000000000000089e+00 9.690130999999999606e-01
1.610000000000000098e+00 9.688500100000000392e-01
1.620000000000000107e+00 9.687271899999999603e-01
1.629999999999999893e+00 9.686007199999999706e-01
1.639999999999999902e+00 9.686213000000000184e-01
1.649999999999999911e+00 9.683594700000000000e-01
1.659999999999999920e+00 9.682453899999999836e-01
1.669999999999999929e+00 9.683258900000000224e-01
1.679999999999999938e+00 9.683298099999999575e-01
1.689999999999999947e+00 9.684977399999999959e-01
1.699999999999999956e+00 9.686682899999999874e-01
1.709999999999999964e+00 9.690526499999999599e-01
1.719999999999999973e+00 9.693666800000000361e-01
1.729999999999999982e+00 9.698690899999999893e-01
1.739999999999999991e+00 9.704798100000000538e-01
1.750000000000000000e+00 9.713292100000000540e-01
1.760000000000000009e+00 9.720195999999999836e-01
1.770000000000000018e+00 9.729499000000000342e-01
1.780000000000000027e+00 9.736303400000000385e-01
1.790000000000000036e+00 9.744608299999999446e-01
1.800000000000000044e+00 9.750966399999999590e-01
1.810000000000000053e+00 9.756370800000000454e-01
1.820000000000000062e+00 9.759948899999999483e-01
1.830000000000000071e+00 9.759124900000000213e-01
1.840000000000000080e+00 9.758583600000000358e-01
1.850000000000000089e+00 9.755086699999999666e-01
1.860000000000000098e+00 9.748636800000000102e-01
1.870000000000000107e+00 9.738022299999999909e-01
1.879999999999999893e+00 9.728459600000000096e-01
1.889999999999999902e+00 9.716337900000000527e-01
1.899999999999999911e+00 9.703282800000000430e-01
1.909999999999999920e+00 9.689219900000000107e-01
1.919999999999999929e+00 9.676248800000000205e-01
1.929999999999999938e+00 9.665386900000000336e-01
1.939999999999999947e+00 9.654973799999999606e-01
1.949999999999999956e+00 9.646941799999999567e-01
1.959999999999999964e+00 9.640718299999999630e-01
1.969999999999999973e+00 9.638039600000000151e-01
1.979999999999999982e+00 9.638244799999999834e-01
1.989999999999999991e+00 9.644728799999999769e-01
2.000000000000000000e+00 9.651455300000000292e-01
2.009999999999999787e+00 9.658919500000000546e-01
2.020000000000000018e+00 9.672404599999999686e-01
2.029999999999999805e+00 9.686682300000000190e-01
2.040000000000000036e+00 9.700449300000000274e-01
2.049999999999999822e+00 9.717867900000000114e-01
2.060000000000000053e+00 9.733382900000000504e-01
2.069999999999999840e+00 9.748116599999999687e-01
2.080000000000000071e+00 9.762992999999999810e-01
2.089999999999999858e+00 9.773737200000000014e-01
2.100000000000000089e+00 9.781415900000000052e-01
2.109999999999999876e+00 9.788513500000000089e-01
2.120000000000000107e+00 9.791063300000000247e-01
2.129999999999999893e+00 9.789668799999999838e-01
2.140000000000000124e+00 9.786601799999999907e-01
2.149999999999999911e+00 9.777801400000000198e-01
2.160000000000000142e+00 9.767165399999999664e-01
2.169999999999999929e+00 9.752227300000000376e-01
2.180000000000000160e+00 9.735716500000000106e-01
2.189999999999999947e+00 9.716004999999999781e-01
2.200000000000000178e+00 9.696986800000000351e-01
2.209999999999999964e+00 9.677824299999999713e-01
2.220000000000000195e+00 9.658494399999999480e-01
2.229999999999999982e+00 9.640323600000000326e-01
2.240000000000000213e+00 9.626332899999999748e-01
2.250000000000000000e+00 9.614266200000000095e-01
2.259999999999999787e+00 9.606393300000000135e-01
2.270000000000000018e+00 9.606999299999999797e-01
2.279999999999999805e+00 9.608870000000000466e-01
2.290000000000000036e+00 9.616617200000000532e-01
2.299999999999999822e+00 9.628769499999999537e-01
2.310000000000000053e+00 9.644569200000000508e-01
2.319999999999999840e+00 9.666157300000000063e-01
2.330000000000000071e+00 9.689088700000000332e-01
2.339999999999999858e+00 9.712663999999999742e-01
2.350000000000000089e+00 9.737718400000000551e-01
2.359999999999999876e+00 9.762188099999999924e-01
2.370000000000000107e+00 9.783804000000000389e-01
2.379999999999999893e+00 9.802154699999999776e-01
2.390000000000000124e+00 9.815533100000000122e-01
2.399999999999999911e+00 9.821826399999999957e-01
2.410000000000000142e+00 9.823290700000000264e-01
2.419999999999999929e+00 9.818708900000000517e-01
2.430000000000000160e+00 9.806720399999999671e-01
2.439999999999999947e+00 9.790356000000000058e-01
2.450000000000000178e+00 9.768979899999999938e-01
2.459999999999999964e+00 9.743754399999999816e-01
2.470000000000000195e+00 9.718170499999999601e-01
2.479999999999999982e+00 9.688446600000000242e-01
2.490000000000000213e+00 9.664527200000000429e-01
2.500000000000000000e+00 9.643818100000000060e-01
2.509999999999999787e+00 9.622019499999999725e-01
2.520000000000000018e+00 9.609022600000000081e-01
2.529999999999999805e+00 9.601736100000000107e-01
2.540000000000000036e+00 9.601262600000000091e-01
2.549999999999999822e+00 9.607536899999999935e-01
2.560000000000000053e+00 9.617426399999999820e-01
2.569999999999999840e+00 9.633469900000000141e-01
2.580000000000000071e+00 9.654763499999999832e-01
2.589999999999999858e+00 9.676803800000000066e-01
2.600000000000000089e+00 9.701789600000000346e-01
2.609999999999999876e+00 9.724282400000000548e-01
2.620000000000000107e+00 9.746257400000000182e-01
2.629999999999999893e+00 9.763551599999999997e-01
2.640000000000000124e+00 9.777322400000000302e-01
2.649999999999999911e+00 9.786231300000000077e-01
2.660000000000000142e+00 9.789269699999999519e-01
2.669999999999999929e+00 9.787299400000000205e-01
2.680000000000000160e+00 9.779375500000000443e-01
2.689999999999999947e+00 9.767347899999999639e-01
2.700000000000000178e+00 9.752270499999999842e-01
2.709999999999999964e+00 9.735934800000000111e-01
2.720000000000000195e+00 9.718406899999999515e-01
2.729999999999999982e+00 9.701691199999999959e-01
2.740000000000000213e+00 9.685225899999999610e-01
2.750000000000000000e+00 9.673708100000000254e-01
2.759999999999999787e+00 9.664741100000000529e-01
2.770000000000000018e+00 9.661124100000000325e-01
2.779999999999999805e+00 9.659969000000000472e-01
2.790000000000000036e+00 9.663170199999999710e-01
2.799999999999999822e+00 9.669350500000000181e-01
2.810000000000000053e+00 9.678183700000000389e-01
2.819999999999999840e+00 9.689631399999999450e-01
2.830000000000000071e+00 9.701528099999999766e-01
2.839999999999999858e+00 9.711427400000000043e-01
2.850000000000000089e+00 9.720439499999999899e-01
2.859999999999999876e+00 9.728080999999999534e-01
2.870000000000000107e+00 9.732511099999999749e-01
2.879999999999999893e+00 9.733283499999999533e-01
2.890000000000000124e+00 9.730504100000000323e-01
2.899999999999999911e+00 9.728260100000000188e-01
2.910000000000000142e+00 9.722796099999999608e-01
2.919999999999999929e+00 9.715167399999999898e-01
2.930000000000000160e+00 9.707562600000000375e-01
2.939999999999999947e+00 9.701201299999999694e-01
2.950000000000000178e+00 9.694209599999999982e-01
2.959999999999999964e+00 9.689321600000000423e-01
2.970000000000000195e+00 9.687638299999999925e-01
2.979999999999999982e+00 9.686657699999999815e-01
2.990000000000000213e+00 9.689041900000000540e-01
3.000000000000000000e+00 9.694523400000000235e-01
